-0.01	-2.92877E-7	-0.000586
0	1.397314E-8	2.794628E-5
0.01	9.468132E-8	0.000189
0.02	7.930216E-7	0.001586
0.03	1.275645E-6	0.002551
0.04	1.608615E-6	0.003217
0.05	2.126569E-6	0.004253
0.06	2.391712E-6	0.004783
0.07	2.921997E-6	0.005844
0.08	3.254967E-6	0.00651
0.09	3.791419E-6	0.007583
0.1	4.124389E-6	0.008249
0.11	4.667007E-6	0.009334
0.12	5.049306E-6	0.010099
0.13	5.585758E-6	0.011172
0.14	5.93106E-6	0.011862
0.15	6.541505E-6	0.013083
0.16	6.89914E-6	0.013798
0.17	7.478754E-6	0.014958
0.18	7.935047E-6	0.01587
0.19	8.514661E-6	0.017029
0.2	8.970953E-6	0.017942
0.21	9.606063E-6	0.019212
0.22	1.003769E-5	0.020075
0.23	1.069746E-5	0.021395
0.24	1.123712E-5	0.022474
0.25	1.178712E-5	0.023574
0.26	1.22149E-5	0.02443
0.27	1.313157E-5	0.026263
0.28	1.374268E-5	0.027485
0.29	1.44149E-5	0.02883
0.3	1.49649E-5	0.02993
0.31	1.545379E-5	0.030908
0.32	1.582046E-5	0.031641
0.33	1.722602E-5	0.034452
0.34	1.777602E-5	0.035552
0.35	1.857046E-5	0.037141
0.36	1.912046E-5	0.038241
0.37	1.991491E-5	0.03983
0.38	2.077047E-5	0.041541
0.39	2.132047E-5	0.042641
0.4	2.217602E-5	0.044352
0.41	2.31538E-5	0.046308
0.42	2.400936E-5	0.048019
0.43	2.468158E-5	0.049363
0.44	2.541491E-5	0.05083
0.45	2.627047E-5	0.052541
0.46	2.724825E-5	0.054496
0.47	2.834825E-5	0.056697
0.48	2.85927E-5	0.057185
0.49	2.999825E-5	0.059997
0.5	3.02427E-5	0.060485
0.51	3.158714E-5	0.063174
0.52	3.262603E-5	0.065252
0.53	3.360381E-5	0.067208
0.54	3.46427E-5	0.069285
0.55	3.580381E-5	0.071608
0.56	3.653715E-5	0.073074
0.57	3.800382E-5	0.076008
0.58	3.843159E-5	0.076863
0.59	3.965382E-5	0.079308
0.6	4.026493E-5	0.08053
0.61	4.215938E-5	0.084319
0.62	4.332049E-5	0.086641
0.63	4.442049E-5	0.088841
0.64	4.545938E-5	0.090919
0.65	4.747605E-5	0.094952
0.66	4.808716E-5	0.096174
0.67	5.065383E-5	0.101308
0.68	5.230383E-5	0.104608
0.69	5.560383E-5	0.111208
0.7	5.774272E-5	0.115485
0.71	6.263162E-5	0.125263
0.72	6.715384E-5	0.134308
0.73	7.558719E-5	0.151174
0.74	8.334831E-5	0.166697
0.75	9.715943E-5	0.194319
0.76	0.000109	0.218397
0.77	0.000135	0.269965
0.78	0.000155	0.310298
0.79	0.000194	0.38852
0.8	0.000228	0.455743
0.81	0.000293	0.585298
0.82	0.000343	0.686743
0.83	0.000434	0.868854
0.84	0.000512	1.024077
0.85	0.000643	1.285632
0.86	0.000735	1.470188
0.87	0.000899	1.797744
0.88	0.001017	2.033633
0.89	0.001202	2.403907
0.9	0.001324	2.648107
0.91	0.001519	3.038828
0.92	0.001642	3.283028
0.93	0.001825	3.649328
0.94	0.001941	3.881319
0.95	0.002105	4.210989
0.96	0.002209	4.418559
0.97	0.00235	4.699389
0.98	0.002447	4.89475
0.99	0.002576	5.15116
1	0.002661	5.3221
1.01	0.002777	5.55409
1.02	0.002869	5.737241
1.03	0.002985	5.969231
1.04	0.00307	6.140171
1.05	0.003186	6.372161
1.06	0.003284	6.567521
1.07	0.003381	6.762882
1.08	0.003467	6.933822
1.09	0.003589	7.178022
1.1	0.003674	7.348962
1.11	0.00379	7.580952
1.12	0.003876	7.751893
1.13	0.003998	7.996093
1.14	0.004108	8.215873
1.15	0.004212	8.423443
1.16	0.004303	8.606593
1.17	0.004432	8.863004
1.18	0.004529	9.058364
1.19	0.004633	9.265934
1.2	0.004749	9.497924
1.21	0.004877	9.754335
1.22	0.004981	9.961905
1.23	0.005115	10.230525
1.24	0.005219	10.438095
1.25	0.005359	10.718926
1.26	0.005469	10.938706
1.27	0.00561	11.219536
1.28	0.005726	11.451526
1.29	0.005866	11.732357
1.3	0.005988	11.976557
1.31	0.006135	12.269597
1.32	0.006257	12.513797
1.33	0.006422	12.843468
1.34	0.006538	13.075458
1.35	0.006703	13.405128
1.36	0.006831	13.661538
1.37	0.006996	13.991209
1.38	0.00713	14.259829
1.39	0.007307	14.613919
1.4	0.007447	14.89475
1.41	0.007624	15.24884
1.42	0.007771	15.54188
1.43	0.00796	15.920391
1.44	0.008107	16.213431
1.45	0.008302	16.604151
1.46	0.008461	16.921612
1.47	0.008656	17.312332
1.48	0.008821	17.642002
1.49	0.009035	18.069353
1.5	0.0092	18.399023
1.51	0.009425	18.850794
1.52	0.009602	19.204884
1.53	0.009828	19.656654
1.54	0.010018	20.035165
1.55	0.010256	20.511355
1.56	0.010475	20.950916
1.57	0.010701	21.402686
1.58	0.010903	21.805617
1.59	0.011043	22.08547
1.6	0.011348	22.695971
1.61	0.011653	23.306471
1.62	0.011958	23.916972
1.63	0.012264	24.527473
1.64	0.012569	25.137973
1.65	0.012813	25.626374
1.66	0.013057	26.114774
1.67	0.013424	26.847375
1.68	0.013668	27.335775
1.69	0.013973	27.946276
1.7	0.014278	28.556777
1.71	0.014645	29.289377
1.72	0.014889	29.777778
1.73	0.015316	30.632479
1.74	0.015621	31.242979
1.75	0.015927	31.85348
1.76	0.016293	32.586081
1.77	0.01672	33.440781
1.78	0.017026	34.051282
1.79	0.017453	34.905983
1.8	0.017758	35.516484
1.81	0.018186	36.371184
1.82	0.018552	37.103785
1.83	0.01904	38.080586
1.84	0.019407	38.813187
1.85	0.019834	39.667888
1.86	0.020261	40.522589
1.87	0.02075	41.499389
1.88	0.021177	42.35409
1.89	0.021665	43.330891
1.9	0.022093	44.185592
1.91	0.022642	45.284493
1.92	0.02307	46.139194
1.93	0.023619	47.238095
1.94	0.024107	48.214896
1.95	0.024657	49.313797
1.96	0.025145	50.290598
1.97	0.025756	51.5116
1.98	0.026244	52.4884
1.99	0.026183	52.3663
2	0.026488	52.976801
2.01	0.027587	55.174603
2.02	0.027587	55.174603
2.03	0.027587	55.174603
2.04	0.027587	55.174603
2.05	0.027587	55.174603
2.06	0.027587	55.174603
2.07	0.027587	55.174603
2.08	0.027526	55.052503
2.09	0.027526	55.052503
2.1	0.027587	55.174603
2.11	0.027526	55.052503
2.12	0.027526	55.052503
2.13	0.027526	55.052503
2.14	0.027526	55.052503
2.15	0.027526	55.052503
2.16	0.027526	55.052503
2.17	0.027526	55.052503
2.18	0.027526	55.052503
2.19	0.027526	55.052503
2.2	0.027526	55.052503
2.21	0.027526	55.052503
2.22	0.027526	55.052503
2.23	0.027465	54.930403
2.24	0.027465	54.930403
2.25	0.027526	55.052503
2.26	0.027465	54.930403
2.27	0.027465	54.930403
2.28	0.027465	54.930403
2.29	0.027465	54.930403
2.3	0.027465	54.930403
2.31	0.027465	54.930403
2.32	0.027465	54.930403
2.33	0.027465	54.930403
2.34	0.027465	54.930403
2.35	0.027404	54.808303
2.36	0.027465	54.930403
2.37	0.027465	54.930403
2.38	0.027465	54.930403
2.39	0.027404	54.808303
2.4	0.027465	54.930403
2.41	0.027404	54.808303
2.42	0.027404	54.808303
2.43	0.027465	54.930403
2.44	0.027404	54.808303
2.45	0.027404	54.808303
2.46	0.027404	54.808303
2.47	0.027404	54.808303
2.48	0.027404	54.808303
2.49	0.027404	54.808303
2.5	0.027404	54.808303
2.51	0.027404	54.808303
2.52	0.027404	54.808303
2.53	0.027404	54.808303
2.54	0.027343	54.686203
2.55	0.027404	54.808303
2.56	0.027404	54.808303
2.57	0.027404	54.808303
2.58	0.027404	54.808303
2.59	0.027404	54.808303
2.6	0.027343	54.686203
2.61	0.027404	54.808303
2.62	0.027343	54.686203
2.63	0.027343	54.686203
2.64	0.027343	54.686203
2.65	0.027343	54.686203
2.66	0.027343	54.686203
2.67	0.027343	54.686203
2.68	0.027343	54.686203
2.69	0.027343	54.686203
2.7	0.027343	54.686203
2.71	0.027343	54.686203
2.72	0.027343	54.686203
2.73	0.027343	54.686203
2.74	0.027343	54.686203
2.75	0.027343	54.686203
2.76	0.027343	54.686203
2.77	0.027343	54.686203
2.78	0.027343	54.686203
2.79	0.027343	54.686203
2.8	0.027343	54.686203
2.81	0.027343	54.686203
2.82	0.027282	54.564103
2.83	0.027343	54.686203
2.84	0.027343	54.686203
2.85	0.027343	54.686203
2.86	0.027343	54.686203
2.87	0.027282	54.564103
2.88	0.027282	54.564103
2.89	0.027343	54.686203
2.9	0.027282	54.564103
2.91	0.027343	54.686203
2.92	0.027343	54.686203
2.93	0.027282	54.564103
2.94	0.027282	54.564103
2.95	0.027282	54.564103
2.96	0.027282	54.564103
2.97	0.027282	54.564103
2.98	0.027343	54.686203
2.99	0.027282	54.564103
