-0.01	-8.603379E-7	-0.001721
0	5.109158E-8	0.000102
0.01	1.435964E-6	0.002872
0.02	2.416376E-6	0.004833
0.03	3.82225E-6	0.007644
0.04	4.753333E-6	0.009507
0.05	6.183871E-6	0.012368
0.06	7.207445E-6	0.014415
0.07	8.625651E-6	0.017251
0.08	9.655392E-6	0.019311
0.09	1.117601E-5	0.022352
0.1	1.215379E-5	0.024308
0.11	1.38649E-5	0.02773
0.12	1.478157E-5	0.029563
0.13	1.637046E-5	0.032741
0.14	1.747046E-5	0.034941
0.15	1.912046E-5	0.038241
0.16	2.022046E-5	0.040441
0.17	2.223713E-5	0.044474
0.18	2.309269E-5	0.046185
0.19	2.510936E-5	0.050219
0.2	2.59038E-5	0.051808
0.21	2.828714E-5	0.056574
0.22	2.957047E-5	0.059141
0.23	3.170937E-5	0.063419
0.24	3.329826E-5	0.066597
0.25	3.507048E-5	0.070141
0.26	3.714826E-5	0.074297
0.27	3.922604E-5	0.078452
0.28	4.081493E-5	0.08163
0.29	4.380938E-5	0.087619
0.3	4.582605E-5	0.091652
0.31	4.930938E-5	0.098619
0.32	5.144827E-5	0.102897
0.33	5.572606E-5	0.111452
0.34	5.933161E-5	0.118663
0.35	6.550384E-5	0.131008
0.36	7.069829E-5	0.141397
0.37	7.968164E-5	0.159363
0.38	8.65872E-5	0.173174
0.39	0.0001	0.200186
0.4	0.000111	0.221076
0.41	0.000131	0.262631
0.42	0.000147	0.294409
0.43	0.000181	0.361631
0.44	0.000208	0.416632
0.45	0.000261	0.522965
0.46	0.000302	0.603632
0.47	0.000383	0.766187
0.48	0.000445	0.890854
0.49	0.000567	1.134077
0.5	0.000666	1.332077
0.51	0.000848	1.695077
0.52	0.000987	1.974966
0.53	0.001214	2.428327
0.54	0.00141	2.819048
0.55	0.001764	3.527228
0.56	0.002075	4.149939
0.57	0.00246	4.91917
0.58	0.002789	5.57851
0.59	0.003308	6.616361
0.6	0.003723	7.446642
0.61	0.004358	8.716484
0.62	0.004798	9.595604
0.63	0.005549	11.097436
0.64	0.00608	12.159707
0.65	0.006898	13.795849
0.66	0.007478	14.9558
0.67	0.008375	16.750672
0.68	0.009004	18.008303
0.69	0.009963	19.925275
0.7	0.010646	21.292796
0.71	0.011897	23.794872
0.72	0.012569	25.137973
0.73	0.013668	27.335775
0.74	0.014462	28.923077
0.75	0.015621	31.242979
0.76	0.016415	32.830281
0.77	0.017575	35.150183
0.78	0.01843	36.859585
0.79	0.019651	39.301587
0.8	0.020444	40.888889
0.81	0.021788	43.575092
0.82	0.022642	45.284493
0.83	0.023924	47.848596
0.84	0.02484	49.680098
0.85	0.026122	52.2442
0.86	0.027038	54.075702
0.87	0.027954	55.907204
0.88	0.027893	55.785104
0.89	0.027954	55.907204
0.9	0.027893	55.785104
0.91	0.027893	55.785104
0.92	0.027893	55.785104
0.93	0.027832	55.663004
0.94	0.027832	55.663004
0.95	0.027832	55.663004
0.96	0.027832	55.663004
0.97	0.027832	55.663004
0.98	0.027832	55.663004
0.99	0.02777	55.540904
1	0.02777	55.540904
1.01	0.027832	55.663004
1.02	0.02777	55.540904
1.03	0.02777	55.540904
1.04	0.02777	55.540904
1.05	0.02777	55.540904
1.06	0.027709	55.418803
1.07	0.027709	55.418803
1.08	0.027709	55.418803
1.09	0.027709	55.418803
1.1	0.027709	55.418803
1.11	0.027709	55.418803
1.12	0.027709	55.418803
1.13	0.027709	55.418803
1.14	0.027709	55.418803
1.15	0.027648	55.296703
1.16	0.027709	55.418803
1.17	0.027648	55.296703
1.18	0.027648	55.296703
1.19	0.027648	55.296703
1.2	0.027648	55.296703
1.21	0.027648	55.296703
1.22	0.027648	55.296703
1.23	0.027648	55.296703
1.24	0.027648	55.296703
1.25	0.027648	55.296703
1.26	0.027648	55.296703
1.27	0.027587	55.174603
1.28	0.027648	55.296703
1.29	0.027648	55.296703
1.3	0.027587	55.174603
1.31	0.027587	55.174603
1.32	0.027587	55.174603
1.33	0.027587	55.174603
1.34	0.027587	55.174603
1.35	0.027587	55.174603
1.36	0.027587	55.174603
1.37	0.027587	55.174603
1.38	0.027587	55.174603
1.39	0.027526	55.052503
1.4	0.027587	55.174603
1.41	0.027587	55.174603
1.42	0.027526	55.052503
1.43	0.027526	55.052503
1.44	0.027526	55.052503
1.45	0.027526	55.052503
1.46	0.027526	55.052503
1.47	0.027587	55.174603
1.48	0.027526	55.052503
1.49	0.027526	55.052503
1.5	0.027526	55.052503
1.51	0.027526	55.052503
1.52	0.027526	55.052503
1.53	0.027526	55.052503
1.54	0.027465	54.930403
1.55	0.027526	55.052503
1.56	0.027526	55.052503
1.57	0.027526	55.052503
1.58	0.027465	54.930403
1.59	0.027526	55.052503
1.6	0.027465	54.930403
1.61	0.027465	54.930403
1.62	0.027465	54.930403
1.63	0.027465	54.930403
1.64	0.027465	54.930403
1.65	0.027526	55.052503
1.66	0.027465	54.930403
1.67	0.027465	54.930403
1.68	0.027465	54.930403
1.69	0.027465	54.930403
1.7	0.027465	54.930403
1.71	0.027465	54.930403
1.72	0.027465	54.930403
1.73	0.027465	54.930403
1.74	0.027465	54.930403
1.75	0.027465	54.930403
1.76	0.027465	54.930403
1.77	0.027465	54.930403
1.78	0.027404	54.808303
1.79	0.027465	54.930403
1.8	0.027465	54.930403
1.81	0.027404	54.808303
1.82	0.027465	54.930403
1.83	0.027465	54.930403
1.84	0.027404	54.808303
1.85	0.027404	54.808303
1.86	0.027465	54.930403
1.87	0.027404	54.808303
1.88	0.027404	54.808303
1.89	0.027465	54.930403
1.9	0.027404	54.808303
1.91	0.027404	54.808303
1.92	0.027404	54.808303
1.93	0.027404	54.808303
1.94	0.027404	54.808303
1.95	0.027404	54.808303
1.96	0.027343	54.686203
1.97	0.027404	54.808303
1.98	0.027404	54.808303
1.99	0.027404	54.808303
2	0.027343	54.686203
2.01	0.027404	54.808303
2.02	0.027343	54.686203
2.03	0.027343	54.686203
2.04	0.027404	54.808303
2.05	0.027404	54.808303
2.06	0.027404	54.808303
2.07	0.027404	54.808303
2.08	0.027343	54.686203
2.09	0.027343	54.686203
2.1	0.027404	54.808303
2.11	0.027343	54.686203
2.12	0.027343	54.686203
2.13	0.027343	54.686203
2.14	0.027343	54.686203
2.15	0.027343	54.686203
2.16	0.027343	54.686203
2.17	0.027343	54.686203
2.18	0.027343	54.686203
2.19	0.027343	54.686203
2.2	0.027343	54.686203
2.21	0.027343	54.686203
2.22	0.027343	54.686203
2.23	0.027343	54.686203
2.24	0.027343	54.686203
2.25	0.027343	54.686203
2.26	0.027343	54.686203
2.27	0.027343	54.686203
2.28	0.027343	54.686203
2.29	0.027343	54.686203
2.3	0.027343	54.686203
2.31	0.027343	54.686203
2.32	0.027343	54.686203
2.33	0.027343	54.686203
2.34	0.027343	54.686203
2.35	0.027343	54.686203
2.36	0.027282	54.564103
2.37	0.027343	54.686203
2.38	0.027343	54.686203
2.39	0.027282	54.564103
2.4	0.027282	54.564103
2.41	0.027282	54.564103
2.42	0.027282	54.564103
2.43	0.027282	54.564103
2.44	0.027343	54.686203
2.45	0.027282	54.564103
2.46	0.027282	54.564103
2.47	0.027282	54.564103
2.48	0.027282	54.564103
2.49	0.027282	54.564103
2.5	0.027282	54.564103
2.51	0.027282	54.564103
2.52	0.027282	54.564103
2.53	0.027282	54.564103
2.54	0.027282	54.564103
2.55	0.027282	54.564103
2.56	0.027282	54.564103
2.57	0.027282	54.564103
2.58	0.027282	54.564103
2.59	0.027282	54.564103
2.6	0.027282	54.564103
2.61	0.027282	54.564103
2.62	0.027282	54.564103
2.63	0.027282	54.564103
2.64	0.027282	54.564103
2.65	0.027282	54.564103
2.66	0.027282	54.564103
2.67	0.027282	54.564103
2.68	0.027282	54.564103
2.69	0.027282	54.564103
2.7	0.027282	54.564103
2.71	0.027282	54.564103
2.72	0.027282	54.564103
2.73	0.027282	54.564103
2.74	0.027282	54.564103
2.75	0.027282	54.564103
2.76	0.027282	54.564103
2.77	0.027282	54.564103
2.78	0.027282	54.564103
2.79	0.027282	54.564103
2.8	0.027282	54.564103
2.81	0.027221	54.442002
2.82	0.027221	54.442002
2.83	0.027221	54.442002
2.84	0.027221	54.442002
2.85	0.027221	54.442002
2.86	0.027221	54.442002
2.87	0.027221	54.442002
2.88	0.027221	54.442002
2.89	0.027221	54.442002
2.9	0.027221	54.442002
2.91	0.027221	54.442002
2.92	0.027221	54.442002
2.93	0.027221	54.442002
2.94	0.027221	54.442002
2.95	0.027221	54.442002
2.96	0.027221	54.442002
2.97	0.027221	54.442002
2.98	0.027221	54.442002
2.99	0.027221	54.442002
